1341563539107041283
1341504031651467266
1341498624904228865
1341442776228106243
1341110171909709828
1340794688161329152
1340789190397575169
1340788738096386049
1340787490890932228
1340776112327159809
1340748546019082241
1340565580219297792
1340508403177807874
1340507648014360577
1340456865843523588
1340421231884066817
1340146978714480643
1340045148999348226
1340039531404423169
1340025455383031810
1340025109273337857
1339953972782780423
1339941088359026693
1339627689129480195
1339624332683866114
1339618057258463237
1338988611757281281
1338855833866653696
1338635406708011010
1338634565653581824
1338575122983219206
1338573890948374529
1338567824617431046
1338096492108800002
1337956127380811778
1337477898286985217
1337477875293855745
1337477799938936832
1337477401861885953
1337473347693793280
1337470670624714752
1337373704511234049
1337258704215957504
1337143085906714626
1337143020605612038
1337137881152937985
1337088127870132227
1337036390023000064
1336939188843929601
1336708581194752001
1336664275985833986
1336662966893228032
1336485568549629952
1336315611098431488
1336132565288235008
1336125380063883266
1336035479154810881
1335861870180397059
1335793962221637641
1335693700895289348
1335672330186534912
1335657195397111813
1335635864484012035
1335521572577275904
1335496317569822720
1335436475727572994
1335320581345071107
1335274705545256962
1335165596204412930
1335162292770631680
1335098708220895235
1335063013288718343
1335034237918060548
1334914953741000706
1334899410409566214
1334802943917305858
1334738356660359169
1334717454195552258
1334496609812566019
1334146913105547264
1334062475726249985
1333627646597599232
1332791300228263944
1341592657538265093
1333457726500990978
1333414742447300610
1333214437109624834
1333214437109624834
1333070205224951810
1333068203128479746
1332953864711122945
1332858034071216128
1332687290901159945
1332592343346798592
1332590875747213314
1331828463632855040
1331735112644513794
1331474388508610560
1331310828897779712
1331223249590640641
1331117061163126784
1331084186854318080
1331002569972445185
1330994163719041024
1341603570366472194
1330993118393606150
1330923469861761026
1330837417037848578
1330689833489076226
1330383327757537280
1330372836284895234
1330348971773014018
1330044431295242240
1340787896538837005
1340565460635557889
1340118775161647104
1340025638233796610
1339624902408736771
1339624549843939331
1339147924283019264
1338805135678574592
1338094360332816384
1337956582890598403
1337576642521288704
1337576454691942400
1337478168379183104
1337278044369666049
1337271214964924422
1337036584588283909
1336485967788527617
1336442176163745796
1336426824767778818
1335980333557313542
1335686696835407872
1335672432409993217
1335659448375848961
1335657126988046338
1335341128128720896
1335275126372388865
1335274583029649416
1335162590805323777
1334496992467279873
1334343722633408518
1334194854809788416
1333495028401000449
1333475944351281157
1333098375747686407
1333097147412205576
1332592441539653634
1332592328612196352
1332592190346948608
1332589940668997633
1332589882816884737
1331792251152896000
1331760969001918469
1331725024236097537
1331675889806045188
1331568501446877186
1331504595999338499
1331336603202064384
1331223573990617090
1331117781622910977
1331086498297376768
1331084591843614721
1331019426724982788
1330994524861173761
1330993578466816001
1330447780154724352
1329916070141042702
1329872653528821767
1329872360997085184
1329867331317739521
1329864425868824577
1329864101946863617
1329841778695036928
1329841505326952448
1329830812066459649
1329658493226258434
1329635012682067971
1329548127511212036
1329547874917466112
1329547589205729280
1329090026555068422
1328526305248370694
1328422290548252674
1328039829477711873
1327916473269039105
1327914525065162752
1327883777763381248
1327883585811062785
1327882553123069952
1327763830643027968
1327287228440211459
1327250197198630914
1326993169481949189
1326751281747169280
1341608754308112384
1341608754308112384
1341603570366472194
1341745125584678914
1341654427225255937
1341603570366472194
1341563539107041283
1341745125584678914
1341745125584678914
1341839574050500612
1341839574050500612
1341842239488667649
1341932167341998081
1337051433418567680
1342244434113654784
1342511247858823169
1342431510138380290
1342416386392469507
1341837583446368257
1342653927746105345
1342750922590597121
1343527531086032898
1343526798978670592
1343526610901872641
1343526547538518017
1343897464693268480
1344938819749957635
1345540157328527363
1345814788056735744
1345829649629278220
1345873237813547010
1346015234331435008
1346017168954163200
1346317845660106752
1346400398769180672
1346404507396284417
1346406156323975168
1346556105225367552
1346558277325303808
1346590239796703232
1346654010925854721
1346654499541286919
1346668236029349889
1346911190446850048
1346921383872389128
1346950225773146119
1347026648298901504
1347026716976422914
1347187588965298176
1347276744684949505
1347691698143588354
1347693239067947012
1347784224250630149
1345908332599640064
1347935205043142656
1347956462631481351
1348009815784751106
1348010310767153154
1348011119693225984
1348011308344619017
1348012490123317267
1348063669079470081
1348092874869657601
1348092853533040647
1348179756232138753
1348327320290009088
1348470113226264577
1348481075761315840
1348482360732491777
1348670776765861888
1348988655906525186
1349018625638805510
1349187338098929664
1349401538079256577
1350967600294014979
1350904498458406914
1350619517366530052
1350575144562003972
1350519982086627330
1350504245729124353
1350169844004610058
1349728735205855235
1351224130230755337
1351283155932749832
1351919569976356865
1350830121641418752
1351636854693625862
1351979132381507588
1351976611869028354
1351975639671300102
1351983055431495682
1352356588367998978
1354249638530998274
